146
176
196
191
174
100
175
177
197
207
174
100
170
176
190
201
179
100
185
170
198
122
162
177
171
181
126
122
164
179
180
180
183
189
181
169
186
182
196
122
162
168
175
177
187
205
164
173
180
168
114
191
173
173
186
111
114
171
182
173
185
178
199
191
97
180
187
173
200
195
175
165
184
97
183
198
170
184
102
166
202
134
97
186
171
173
114
199
176
176
178
170
197
122
180
169
179
97
191
201
173
176
175
180
114
191
182
114
102
130
190
195
178
185
167
174
114
191
168
169
185
181
179
205
97
180
184
166
198
195
182
177
102
175
187
205
170
100
167
97
198
195
175
167
175
165
199
200
181
114
102
148
199
205
177
169
180
165
187
205
180
169
102
177
193
206
166
178
186
170
128
122
143
185
180
164
114
206
166
177
182
182
197
122
169
169
180
165
196
191
179
173
186
97
190
191
164
184
187
180
126
122
162
184
102
164
193
200
183
165
178
173
187
205
97
178
175
180
190
122
183
179
178
182
198
202
162
184
102
180
187
206
97
165
179
166
198
136
97
145
167
182
196
195
180
100
167
164
181
207
174
183
167
175
126
122
167
169
178
170
197
122
182
184
102
181
196
195
180
184
175
178
199
191
97
170
167
182
181
195
163
185
185
109
114
201
165
173
181
97
182
195
162
177
102
174
179
210
170
177
187
180
114
206
182
182
182
170
197
134
97
173
170
97
186
191
175
168
184
166
196
195
181
100
180
182
192
189
97
168
187
170
114
208
170
184
167
166
114
207
179
178
167
111
114
171
182
173
185
178
199
191
97
182
174
176
192
189
182
183
102
170
194
205
182
177
102
173
179
189
182
183
114
97
195
207
170
183
102
164
193
200
180
169
183
182
179
206
97
169
178
170
198
122
164
179
180
180
183
203
182
165
186
97
195
207
170
183
116
97
152
207
180
167
171
97
187
199
177
169
184
165
187
191
181
100
185
170
198
122
162
177
171
181
114
191
173
173
186
97
200
191
175
169
180
162
198
195
180
100
182
182
190
208
170
178
167
179
128
122
151
169
185
181
187
188
182
176
187
174
114
199
162
184
186
170
197
122
167
169
187
168
187
187
181
100
167
179
181
207
97
178
181
175
114
187
164
167
187
174
197
187
175
114
102
142
179
191
164
169
180
162
197
122
164
185
184
180
199
205
97
177
167
185
187
199
182
183
102
176
196
200
162
182
171
111
114
155
173
173
183
182
179
199
97
178
171
164
114
195
162
167
187
173
187
205
97
182
175
180
199
205
111
100
153
182
197
202
166
178
170
170
197
205
166
100
182
176
198
191
175
184
175
111
114
167
176
182
168
170
114
191
168
169
186
97
179
207
164
184
181
179
114
201
165
173
181
111
114
155
173
173
183
182
179
199
97
184
187
179
194
195
180
100
180
170
197
195
109
100
169
176
192
190
170
177
171
175
198
207
174
100
167
97
190
201
163
179
184
181
187
205
97
173
180
109
114
187
164
167
187
174
197
187
175
100
180
176
192
122
175
169
183
182
183
136
97
151
171
165
114
205
164
169
178
166
196
195
180
181
187
166
114
192
170
178
175
163
199
205
97
169
185
181
126
122
170
168
102
162
181
189
182
177
185
162
192
122
175
173
185
173
114
199
162
176
171
180
199
187
165
165
102
183
183
198
111
100
153
182
197
202
166
178
170
170
197
205
166
100
179
162
197
205
162
100
178
162
181
207
180
112
102
182
190
206
179
173
169
166
197
122
182
184
102
166
196
187
181
100
188
170
198
187
166
112
102
165
179
202
170
166
187
180
114
202
173
165
169
166
196
187
181
100
172
166
190
195
180
114
102
141
193
204
166
177
102
170
194
205
182
177
102
165
193
198
176
182
102
180
187
206
97
165
179
166
198
134
97
167
181
175
197
191
164
184
171
181
199
204
97
165
170
170
194
195
180
167
175
175
185
122
166
176
175
181
128
100
75
149
187
170
197
203
182
169
102
162
114
206
166
176
178
182
197
122
178
185
175
180
114
192
166
176
175
180
114
192
166
185
173
170
179
206
97
165
178
170
195
207
166
184
116
97
149
204
162
183
102
174
193
198
173
173
185
97
190
201
179
169
179
97
179
189
97
176
171
176
114
198
176
166
181
179
198
195
180
100
182
169
179
204
166
184
184
162
128
122
143
185
178
173
179
122
178
185
175
180
114
192
170
178
175
163
199
205
97
177
175
111
114
175
181
100
181
179
192
187
179
169
102
170
182
122
165
185
175
97
179
122
166
171
171
180
198
187
180
114
102
145
196
201
170
178
102
180
183
190
97
178
175
163
186
122
166
184
102
162
192
206
166
100
181
179
192
187
179
169
102
182
190
198
162
177
169
176
196
202
166
182
102
162
114
200
176
178
102
175
187
205
170
114
102
130
183
200
166
165
180
97
194
204
166
184
175
182
191
122
162
167
169
182
191
205
162
178
102
180
179
202
170
169
180
97
181
201
175
183
171
164
198
191
181
185
184
97
198
191
174
180
187
180
128
122
132
182
167
180
114
207
173
176
167
174
181
201
179
180
171
179
114
202
179
169
186
170
199
199
97
169
180
170
191
122
183
169
185
181
187
188
182
176
187
174
114
190
170
171
180
170
197
205
170
177
116
97
147
198
170
181
187
162
191
122
165
173
167
174
114
202
182
182
187
180
126
122
181
169
179
177
199
205
97
185
186
97
181
201
175
183
171
164
198
191
181
185
184
97
183
206
109
100
168
170
180
191
175
168
187
174
114
200
166
167
102
176
182
195
176
114
102
145
183
198
173
169
180
181
183
205
178
185
171
97
200
195
181
165
171
97
182
207
170
100
171
173
183
195
167
169
180
165
126
122
176
182
180
162
196
191
97
178
187
173
190
187
97
183
175
181
114
187
174
169
186
109
114
202
169
165
184
166
198
204
162
100
180
170
197
195
111
78
80
143
179
199
97
165
187
164
198
201
179
100
183
182
179
199
97
176
181
179
183
199
109
100
171
168
183
206
97
183
169
166
190
191
179
173
185
178
199
191
97
178
187
175
181
122
181
182
175
180
198
195
178
185
171
97
187
190
111
100
135
173
187
203
182
165
179
97
194
207
173
186
175
175
179
204
97
185
178
181
196
195
164
169
185
97
191
195
111
100
143
175
114
192
162
185
169
170
180
207
180
100
172
166
199
193
170
165
186
97
190
191
164
184
187
180
126
122
166
185
102
181
183
199
177
179
184
97
200
191
173
173
186
97
197
189
166
176
171
179
187
205
178
185
171
97
199
206
111
100
150
179
193
195
175
100
182
166
190
198
166
178
186
166
197
203
182
169
102
173
179
201
179
169
171
181
114
189
176
178
188
162
190
198
170
183
116
97
152
207
180
167
171
97
200
195
181
165
171
97
191
201
173
169
185
181
187
191
97
184
187
179
194
195
180
112
102
162
181
122
170
165
169
182
190
195
180
100
175
177
197
207
174
114
102
148
183
190
97
169
173
166
198
122
164
179
180
180
183
189
181
169
186
182
196
122
167
169
178
170
197
136
97
137
186
170
179
199
97
177
167
173
183
205
182
165
170
162
114
196
182
183
186
176
114
200
170
183
178
111
114
173
166
168
102
183
187
206
162
169
102
177
190
187
164
169
184
162
198
122
166
183
186
111
114
170
166
176
178
166
192
206
166
183
183
182
183
122
182
184
102
162
196
189
182
100
188
166
190
122
173
169
169
181
199
205
97
166
178
162
192
190
170
184
102
177
193
204
181
184
175
181
193
204
97
178
171
164
114
203
182
173
185
97
192
191
178
185
171
111
114
173
166
168
102
162
181
122
166
178
175
174
114
191
182
100
186
166
190
198
182
183
102
162
181
189
182
177
185
162
192
122
181
169
179
177
199
205
111
100
147
162
199
204
170
183
102
182
198
122
173
165
169
182
197
122
162
176
175
178
199
187
174
100
171
173
187
206
97
169
187
170
197
199
176
168
102
166
199
195
180
177
181
165
128
122
143
165
179
97
199
206
97
170
171
179
191
191
175
184
187
174
114
195
177
183
187
174
128
122
138
178
102
173
183
189
181
185
185
97
196
195
180
185
185
109
114
202
182
176
188
170
192
187
179
100
187
181
114
206
179
173
185
181
187
203
182
169
102
170
192
134
97
171
184
162
200
195
165
165
102
162
114
200
182
178
169
111
92
100
143
185
178
173
179
199
97
185
178
181
196
195
164
169
185
97
200
191
180
184
175
163
199
198
182
177
102
181
183
199
177
185
185
111
114
176
170
186
167
174
199
205
97
185
186
97
183
198
166
177
171
175
198
207
174
100
187
179
192
187
109
100
180
166
181
122
165
173
173
175
187
205
180
173
179
97
190
195
168
185
178
162
128
122
143
185
178
173
179
199
97
167
181
175
197
191
164
184
171
181
199
204
97
176
175
163
183
204
176
100
188
166
190
122
180
165
182
170
183
200
97
184
175
175
181
195
165
185
180
181
126
122
162
167
102
167
179
189
170
176
175
180
187
205
97
179
170
170
193
122
180
169
179
177
183
204
111
100
135
173
187
203
182
165
179
97
187
200
97
165
180
181
183
122
177
172
167
179
183
206
179
165
114
97
182
195
168
178
175
180
197
195
174
100
178
176
196
191
174
100
171
182
126
122
164
179
180
168
199
191
97
176
175
163
183
204
176
114
102
142
179
191
164
169
180
162
197
122
183
179
178
182
198
202
162
184
102
183
183
198
97
177
167
180
197
187
97
169
187
97
200
207
173
180
187
181
179
206
166
114
102
145
196
187
166
183
171
175
198
122
162
184
102
166
202
122
181
179
184
181
193
204
111
100
150
179
179
191
180
169
180
181
114
200
166
167
102
183
187
208
166
182
184
162
114
199
162
171
180
162
128
122
133
179
180
166
181
122
181
182
175
180
198
195
178
185
171
97
181
201
174
177
181
165
193
122
162
178
186
166
114
205
166
177
182
166
196
122
180
185
185
164
187
202
170
184
116
97
150
201
175
169
169
97
187
190
97
176
175
163
183
204
176
100
171
168
183
206
97
168
175
162
191
122
182
176
186
179
187
189
170
169
185
97
191
201
173
169
185
181
187
191
97
186
171
173
114
191
181
100
171
179
179
206
111
100
148
162
191
122
180
165
173
170
198
206
170
183
102
174
183
206
182
183
102
180
187
206
97
165
179
166
198
122
173
173
173
182
190
187
97
180
184
166
198
195
182
177
102
177
193
205
182
169
184
166
128
122
133
179
180
166
181
122
177
179
184
181
179
122
166
182
181
180
114
198
170
171
187
173
179
134
97
178
171
164
114
202
176
183
187
166
196
191
97
165
187
168
199
191
97
177
167
181
198
195
180
100
187
181
128
122
135
185
185
164
183
122
162
184
102
177
199
198
183
173
180
162
196
122
165
173
167
174
128
122
143
185
178
173
179
199
97
171
184
162
200
195
165
165
102
166
192
195
174
100
168
170
180
191
175
168
187
174
114
191
180
184
102
180
179
193
170
184
186
170
197
122
163
176
167
175
182
195
181
114
80
75
162
204
162
169
185
166
192
206
97
165
186
97
191
201
173
169
185
181
187
191
97
177
167
180
197
187
111
100
138
182
187
205
97
172
171
175
182
204
166
182
175
181
114
187
179
167
187
97
183
193
166
184
102
168
196
187
183
173
170
162
114
206
179
173
185
181
187
203
182
169
116
97
159
187
182
182
175
180
114
187
182
167
186
176
196
122
170
178
102
175
187
205
170
100
175
165
114
205
176
168
167
173
183
205
111
100
148
182
190
198
162
177
102
170
192
122
177
169
178
173
183
200
181
169
185
178
199
191
97
183
167
177
187
191
175
112
102
166
199
122
177
179
184
181
198
195
181
179
184
97
182
201
173
179
184
111
114
168
182
178
169
97
182
195
164
184
187
174
114
208
182
176
182
182
198
187
181
169
102
162
192
206
166
100
171
182
114
187
182
167
186
176
196
136
97
141
180
181
183
204
165
185
179
97
183
206
97
177
167
173
183
205
182
165
170
162
114
192
162
177
171
180
114
187
164
100
167
175
198
191
97
173
182
180
199
199
97
180
184
170
191
195
180
100
175
175
114
192
162
185
169
170
180
207
180
114
102
138
192
122
162
167
169
182
191
205
162
178
102
183
183
198
170
184
102
173
193
204
166
177
114
97
192
191
164
100
175
162
181
207
173
173
185
97
190
195
168
185
178
162
114
189
182
182
185
182
197
122
170
168
116
97
160
207
173
176
167
174
114
203
182
173
185
97
197
189
166
176
171
179
187
205
178
185
171
97
182
195
162
177
114
97
197
195
181
100
167
174
183
206
97
183
181
165
179
198
166
183
102
162
196
189
182
114
102
132
199
204
162
166
175
181
199
204
97
169
187
97
192
195
180
176
102
162
114
200
170
183
175
97
197
189
166
176
171
179
187
205
178
185
171
97
199
198
173
165
179
164
193
204
177
169
184
97
199
206
97
173
170
97
197
187
177
173
171
175
128
122
138
178
102
177
190
187
164
169
184
162
198
134
97
184
187
179
194
195
180
100
175
175
114
198
162
179
184
166
183
206
97
171
184
162
200
195
165
165
114
97
188
207
180
184
181
97
183
205
181
100
179
176
190
198
170
183
102
162
196
189
182
112
102
183
187
206
162
169
102
166
190
191
170
170
171
175
182
122
174
173
102
173
193
204
166
177
102
162
181
122
166
188
116
75
92
100
98
132
105
101
119
184
103
110
110
106
145
152
125
145
148
131
168
178
132
154
142
139
153
160
133
151
151
152
151
172
149
157
155
138
161
170
160
111
165
106
122
132
103
162
107
101
117
131